time,x,y,z,phi,theta,psi,x_velocity,y_velocity,z_velocity,phi_velocity,theta_velocity,psi_velocity,rotor_speed1,rotor_speed2,rotor_speed3,rotor_speed4
0.06,-2.304400468383272e-05,1.8950333037434903e-05,10.003104081651239,0.005314355393212011,0.006419019187688058,0.0,-0.0013990015414660501,0.0011518417129904516,0.10346270131295533,0.024081681212431028,0.026579899626016715,0.0,436.8972861698589,439.1073500520087,436.991084932631,438.99346063996995
0.12000000000000001,-0.00023202910752152366,0.00019305216169691032,10.01027119476349,0.006967906067361973,0.00803960314473251,0.0,-0.005715285822812854,0.004809382865914567,0.13543551829748193,0.017735899197520024,0.0275093529963512,0.0,414.6771042036622,414.75894987923556,415.12126700923886,414.56421045165956
0.18,-0.0007502181933117792,0.0006261492150140201,10.0206244049567,0.008455640225327521,0.011936888865545114,0.0,-0.011957664392864453,0.00978143280165261,0.20965522362904096,0.009306085526150705,0.00984576119858731,0.0,428.82507849324753,427.32232188505213,429.65423430055057,428.93898313596435
0.23999999999999996,-0.0017547090039919696,0.0014097182965512258,10.037964176671228,0.010355237796313865,0.0169584900351607,0.0,-0.0220565845976606,0.016534617157157826,0.3682896380938865,0.02084921928546356,0.03173559869823015,0.0,454.81556652463837,456.5650388485161,454.28521697658147,455.2095906619955
0.3,-0.0035071228332637107,0.002659077873371017,10.066415387128346,0.01214730000874642,0.021539393166171372,0.0,-0.036921628640221645,0.025333188503432344,0.5799869489707776,0.011502194669617645,0.012572969674010495,0.0,471.575994098141,470.0937915351589,472.00122775639517,471.2793513777848
0.36000000000000004,-0.006215251391793708,0.004442315206389527,10.104924384016115,0.01316184060345904,0.029254924736224375,0.0,-0.05419359245240593,0.03420848997712527,0.7035555816523617,0.016655843788437222,-0.01755411520981495,0.0,447.0710034458303,444.6098552591007,443.4790505515391,443.90198568856437
0.4200000000000001,-0.010270780471654922,0.006849683247233934,10.156064551090738,0.014182825028482782,0.034935502941439545,0.0,-0.08169410483021364,0.04616679636108074,1.000879488833993,0.017464821233744748,0.00969759979750007,0.0,495.924125509851,497.92159587993353,495.5642763709932,495.62361532519895
0.48000000000000015,-0.015893107534473594,0.009940888053728952,10.218662308797734,0.02294730016034041,0.038459838694708814,0.0,-0.10608588544732896,0.05777760127697963,1.0856048588578828,-0.014188899655285877,-0.010331521681378611,0.0,434.02452120574355,432.34041424318343,434.6068369038163,431.94590067287464
0.5400000000000001,-0.023123258014353644,0.013930370102296674,10.288594036938054,0.024470014637459236,0.03875095002501272,0.0,-0.13493544959133996,0.07539004113819522,1.245285024201475,-0.03231013808844768,-0.0010072278964552263,0.0,456.3508630834667,457.0945600288425,457.73680991442984,456.29261690035474
0.6000000000000002,-0.03214352737743214,0.019025969920758185,10.369384052252567,0.022530568249691463,0.039701171524721524,0.0,-0.16583154811684056,0.09423005532103451,1.4474805845852385,-0.032352796223780775,0.008870668891163593,0.0,469.4906585275623,470.25631629366643,470.1070629023388,470.1034300527056
0.6600000000000003,-0.04284266507056314,0.025095521147343196,10.457331287620933,0.02058520925276408,0.040584400114110686,0.0,-0.1908944890958015,0.10790678899040683,1.4840455515256459,-0.03258474277472636,0.0010708047263366578,0.0,418.8163321874165,418.1373474232356,418.8187156288096,418.7980775651274
0.7200000000000003,-0.055089397966994344,0.03195812457785684,10.54788573640806,0.018752156694212374,0.044107902352433115,0.0,-0.21768210095753607,0.12067593440635749,1.5343556587744889,-0.037795434328106677,-0.02053873476795256,0.0,424.13146590887294,422.27165782481495,423.6307520053766,423.18194428537856
0.7800000000000004,-0.06888192647317694,0.03953455159937498,10.638909323762869,0.026141228168436115,0.04318951756089451,0.0,-0.24199296307990162,0.13250840491963184,1.4997976900089058,-0.07305825449577144,-0.01548477251566204,0.0,393.9061337372313,394.37318973086286,396.6850737873953,393.43188949433306
0.8400000000000004,-0.08427045045863685,0.048011047795101076,10.731237900907143,0.02746987292614822,0.04377269096901859,0.0,-0.27102712474736934,0.1501447270771719,1.5777077843413414,-0.04804991151845793,-0.030209317646641108,0.0,432.447857636858,431.2058618866358,431.89497042000266,433.9956692274877
0.9000000000000005,-0.10145415766181844,0.0575931210696715,10.829279812789768,0.02663395742047303,0.043608130067746664,0.0,-0.3017276967682483,0.1691506751230014,1.6901968997175905,-0.03353104751233503,-0.017295604078788218,0.0,442.80725309880086,443.86807469824294,443.31033579995193,444.5005968750496
0.9600000000000005,-0.1204549553853377,0.06828277647208338,10.933617450535786,0.02470351055669262,0.04261441877019134,0.0,-0.33153113731308775,0.18697483151559435,1.7875832020980391,-0.0380794090145615,-0.021088563902345984,0.0,439.6998567476554,439.38559161775356,439.0542641870597,438.6762213792388
1.0200000000000005,-0.14131071329896758,0.08004698037867714,11.0456167233649,0.023161356595617022,0.04368423597508908,0.0,-0.3637902911669518,0.20497810596943764,1.9454641802106039,-0.02976361497388256,-0.03907129148474798,0.0,459.1457653750207,457.71679275143094,457.82429155816646,458.4849080978914
1.0800000000000005,-0.16433430692536977,0.09296039385189232,11.171650579480943,0.02141093252215054,0.04607912418535509,0.0,-0.40399231088280446,0.22522023849062325,2.2550880019118966,-0.028578906547969983,-0.06414916289949403,0.0,503.23219086163806,501.4126310916394,503.3012978622998,503.3868800921277
1.1400000000000006,-0.18963406341136246,0.1069656908777183,11.312549730598652,0.02021200589899852,0.042426298376605054,0.0,-0.43889652012906755,0.24148718711216402,2.4411901264611933,-0.037737527750346805,-0.060351958575901046,0.0,468.38175479572567,468.67432146664333,468.8889648652158,468.1766372117946
1.2000000000000006,-0.21687032785023047,0.12188254900170074,11.462640135346122,0.020215714558180053,0.04072939111223661,0.0,-0.46881092039758815,0.2557195519818823,2.561564673044432,-0.022396959939372182,-0.07679525770929724,0.0,450.6520698695858,449.3178263900427,448.0528606000846,449.2978771564219
1.2600000000000007,-0.24584570606416017,0.13765925793810316,11.61974815145455,0.022905075976603406,0.03622221516924995,0.0,-0.4965586170422866,0.2704232851659618,2.675121398187497,-0.00156471091599273,-0.07432069277382707,0.0,447.88574850815115,448.0824576239618,446.67981191588626,448.3755016621677
1.3200000000000007,-0.27623193766953863,0.1542583911973525,11.778922391742908,0.023279153531314378,0.034633690296468345,0.0,-0.5161816446510273,0.2829198514182992,2.6307938200776997,-0.010353820423321712,-0.05692200114649455,0.0,395.8965315771315,397.49000781298196,395.969650159041,395.160344468661
1.3800000000000008,-0.30783969606942135,0.1716556776696008,11.936590783402647,0.028988940175987743,0.04137738192833851,0.0,-0.538024718488981,0.2974591831659732,2.624785885337129,0.016035378318532904,-0.0930583955480391,0.0,411.4247937902631,408.2086322593706,407.39325411100816,409.7460476233723
1.4400000000000008,-0.34080307877281074,0.189988570181013,12.093103873504267,0.030223342062175362,0.035870169742430846,0.0,-0.5603142030003571,0.31373663561867554,2.5924085759112274,0.020676010029780527,-0.09751421690166957,0.0,401.1113061070921,400.69778883714224,399.147993758084,399.57124943074393
1.5000000000000009,-0.37529269253013364,0.20956680706845263,12.255737813416099,0.03212744255055977,0.030020910544113377,0.0,-0.5886130067646521,0.33907667627866667,2.8281852037908095,0.02847953339644577,-0.09743704768463729,0.0,483.4532187159128,483.45173494449034,485.2812078661304,485.8666011141529
1.560000000000001,-0.41134074951710875,0.230715285953352,12.43255211740113,0.034421264749004976,0.024685018092985622,0.0,-0.6123369107363537,0.3661236591259737,3.065028049262642,0.03574380971904079,-0.10655482760644971,0.0,486.247254810172,485.5559477443244,485.6452364207831,486.19003447084475
1.620000000000001,-0.4485982900787351,0.2534162470079349,12.619608436495215,0.03980787107121486,0.022777700193319816,0.0,-0.6293603675290906,0.39109865853174225,3.1698779142431106,0.054304097839559896,-0.08452276985492432,0.0,446.33924440532513,448.1253285324415,447.3970928611115,448.90669542050057
1.680000000000001,-0.4868389510606968,0.27776140489139123,12.813463253636632,0.04852397189122826,0.01776741172411267,0.0,-0.6447981651001913,0.4212843687840019,3.2915755700863643,0.07872370816443387,-0.08276177636322986,0.0,454.380935360021,454.5165023041495,451.70193480042593,453.6697584872271
1.740000000000001,-0.5259776011149557,0.3042292345712258,13.017401395699995,0.05358402138408902,0.019094246437298068,0.0,-0.6600056981495515,0.4615535260482343,3.5056800465345965,0.07105514166065763,-0.11146773846793567,0.0,483.40140598657604,481.2268374608151,481.88165026800635,481.30569726455275
1.8000000000000012,-0.5659799625804312,0.33309791942127304,13.231737201424112,0.05783795219106125,0.012412214737045346,0.0,-0.672695542880119,0.5011685163429136,3.638420531796786,0.06929284274352779,-0.1141400783397592,0.0,459.72384563472525,459.50128559964304,458.73840710670385,458.60206931343504
1.8600000000000012,-0.6065534343984263,0.36419154669824694,13.44988761533555,0.06198393575583694,0.005557839017121147,0.0,-0.6791702244427595,0.5356442252142479,3.633265069473295,0.06831729890100656,-0.1161924548101198,0.0,416.01497442949625,415.8224537753061,416.09167383120257,416.0102118841529
1.9200000000000013,-0.647411044528807,0.39762296137391984,13.67081037553249,0.06682546955346247,6.282268846955014,0.0,-0.6820905641087993,0.579216999806186,3.7304846459790757,0.05760163952730661,-0.1095758077009548,0.0,448.8569081904057,449.3821617228387,449.51783345767234,448.6516474498367
1.9800000000000013,-0.688311021583295,0.4339141905821707,13.89976210148388,0.07094360248849352,6.276795828530027,0.0,-0.6806211859944411,0.6309228784282723,3.90063630820917,0.04740772867013619,-0.0992168509692832,0.0,471.90074951864295,472.6906006691231,472.0577916710016,471.2722511434919
2.0400000000000014,-0.729038772368579,0.4732344726144749,14.136662465065703,0.0741514042450433,6.277699485740758,0.0,-0.6770353475532273,0.6800433254937525,3.9956740923726723,0.052918728716298095,-0.07170781511558291,0.0,449.26070956762385,451.4791203797254,450.2390295955182,450.68618160113317
2.1000000000000014,-0.7695576605887611,0.5155816683522553,14.379279080595554,0.08041708977363982,6.27480125797519,0.0,-0.6733189160988837,0.7321558178490061,4.091141099914013,0.0324231911508953,-0.08594477286268885,0.0,452.350901489137,451.1983535524223,451.741282393247,450.08669102199724
2.1600000000000015,-0.8097428534403721,0.561559708524143,14.632390191844785,0.08412281153209555,6.270322706262823,0.0,-0.665630509352964,0.8008082735205613,4.3449093154672305,0.04580656416875391,-0.0780448808919613,0.0,498.0391386158223,498.6118005013864,498.92067788276796,499.8973917517096
2.2200000000000015,-0.849416083752305,0.6114461791952708,14.89639671033236,0.10313274824386376,6.266289555584347,0.0,-0.6564117276283384,0.8640512993100542,4.45465449755266,0.00041563730330796203,-0.08815528103126953,0.0,459.3737093887186,458.56606975904157,460.32847409850683,456.72257689877955
2.2800000000000016,-0.8884818286616786,0.6653946104279864,15.166372176155697,0.10438437448365523,6.267201870838996,0.0,-0.6459034439125266,0.9343198184567443,4.5441288821928705,-0.012976216510866678,-0.11666225671743077,0.0,454.7973544007009,452.50006079844366,454.35069286694085,453.2757043538257
2.3400000000000016,-0.9269051766087936,0.7236841843302826,15.442607321159748,0.1073941826887026,6.264921277594958,0.0,-0.6346203810442357,1.0089420448846407,4.663159755968256,-0.03553151667841096,-0.09403569470324566,0.0,462.4294040619175,464.1985339063299,464.8338904835529,463.06278230851564
2.4000000000000017,-0.9645365655621512,0.7868441269361938,15.729235839128322,0.10578426254721585,6.261428481174573,0.0,-0.6193379879698814,1.096086243454105,4.890166000905272,-0.04473651966901346,-0.07913150744843245,0.0,496.70818900008794,497.79441247242175,495.77511526551797,495.0976886606871
2.4600000000000017,-1.001303600097051,0.8545473291635672,16.023395556262745,0.10529118157792361,6.258122242635984,0.0,-0.6059210301885932,1.1605993500638132,4.91503359007801,-0.029677155543076938,-0.06712442167463095,0.0,437.2648371584792,438.25957100768824,436.2844208318225,437.5393021656043
2.520000000000002,-1.0372774768954827,0.9258049713040767,16.3161712763861,0.1045879448000635,6.254084783760543,0.0,-0.5928910977018956,1.2146064998958415,4.844450345657695,-0.019443664472428356,-0.06783314599685172,0.0,406.61559919591815,406.548231988615,404.41132511113346,405.3319762450893
2.580000000000002,-1.0723836169524403,1.0003748720135497,16.605538818684845,0.10373768346057322,6.250736704512562,0.0,-0.5770298319552278,1.2709822213251263,4.801305733739203,-0.014366525983508458,-0.05964897302830253,0.0,413.68650596078066,414.40317652452904,414.70619806749437,415.15203533443133
2.640000000000002,-1.106301813492172,1.0789021374003371,16.89795962713172,0.10454893991990488,6.249121853525018,0.0,-0.5534038097476884,1.3465810197261172,4.945393008264283,-0.0013457682450794236,-0.04545022076564188,0.0,472.3437857771446,473.4358080839067,473.6638597570568,474.6643891314113
2.700000000000002,-1.1388853439398918,1.1616076009198895,17.19550042587596,0.10456966081109265,6.246546519432332,0.0,-0.5324779427367635,1.4102380949498479,4.972484284498242,-0.006235689075553881,-0.042218524257018004,0.0,438.50917062742843,438.77643526202553,439.09896485420126,438.69311735301517
2.760000000000002,-1.1701105950378559,1.2482989785151017,17.496150209592027,0.10887763247106275,6.244116495671982,0.0,-0.5081398697718766,1.4798209006241563,5.048744313569629,0.016298163387400446,-0.047135087768793535,0.0,456.0401868921484,455.6462154488271,452.5148562976997,454.32541373235205
2.820000000000002,-1.1997462528203466,1.339580187022026,17.804497794856072,0.10995745907399446,6.251656202038184,0.0,-0.48063635111628766,1.5628908292463892,5.228642218498831,0.018795758029980833,-0.08362817836670051,0.0,488.5675810415548,485.83652518355,485.7668344674127,485.9540056137342
2.880000000000002,-1.2280277850616295,1.4352998596688094,18.118469107659035,0.11275920579656251,6.249692685273132,0.0,-0.4619255258371256,1.6279720394710797,5.236957762820739,0.031819603714338604,-0.10401056605366181,0.0,436.9131089637233,435.203092672726,435.1399985606166,436.22915430738806
2.940000000000002,-1.2551760934908491,1.5348711635168302,18.432062357573653,0.11513277065366623,6.246323580372977,0.0,-0.44274737158183236,1.6912624365101538,5.216178192377837,0.023058587899544618,-0.12381302919929697,0.0,427.1344667722303,425.4305724769345,427.2854283870933,426.53803326181895
3.000000000000002,-1.281058351669925,1.6384090253091614,18.74555555496745,0.11735450230871525,6.238985004754607,0.0,-0.4193448437291929,1.7601698815302371,5.233437734935461,0.011757727352180194,-0.1285162324341146,0.0,439.08182053341386,438.6768729769421,439.483841772458,438.5459794477686
3.0600000000000023,-1.3052322269019276,1.7466182338672884,19.06435236635018,0.118640080610116,6.238305419849709,0.0,-0.3863757007277767,1.8468335360101125,5.39229878359245,0.0021284098850865327,-0.10064454112437367,0.0,481.46135409571826,483.55419503306615,483.18192047477487,482.45520474454867
3.1200000000000023,-1.327453671771404,1.8598906598554998,19.39138508781038,0.11880715898622629,6.233079812344467,0.0,-0.35380994187822223,1.9288234527787398,5.508171026285654,0.0034113535203647537,-0.09189482038820858,0.0,471.8748835609429,472.5423825341037,470.8621116026029,470.96131477949086
3.1800000000000024,-1.347828780523148,1.9775754829782655,19.721134815271796,0.11964227636216762,6.228122036540633,0.0,-0.32493279854207796,1.9940428248359365,5.483547492294266,0.010991605166361332,-0.08484002665022085,0.0,427.72279025953276,428.316276397166,429.1546870708874,429.797651552844
3.2400000000000024,-1.366286017842808,2.09940498350148,20.05122287677674,0.12161708696644524,6.22352409223933,0.0,-0.2899000999222594,2.067075796212147,5.519118960521365,-0.002828889084152026,-0.09382107667876434,0.0,448.96101618125795,448.22527421979913,448.0957605702396,446.9705533738527
3.3000000000000025,-1.3825384510682,2.2257026834069182,20.383961767396467,0.12152371052691091,6.22404391468536,0.0,-0.2518830687286992,2.142765712111052,5.571866657461442,-0.007285024555663222,-0.06783095622475378,0.0,452.47869508653764,454.5607514407977,454.6165790107205,454.2594003083495
3.3600000000000025,-1.3964788074409975,2.3566689338054965,20.72088949700315,0.12422501490501503,6.2294006046282036,0.0,-0.2133863425514165,2.2229751699551588,5.658527514249409,-0.02792852357928987,-0.10268596262712477,0.0,466.43077844710365,463.69538026291906,465.92208251226606,464.30512935852556
3.4200000000000026,-1.4082844416459954,2.4922301245983975,21.06102447982007,0.1225561375788331,6.224030212053339,0.0,-0.1796640122096502,2.295512221143245,5.679170840659338,-0.027625188577918295,-0.11370160351076176,0.0,446.99498698345246,446.0863427990981,444.6822075281877,444.70686336862974
3.4800000000000026,-1.417900056755305,2.632312595253185,21.404107358852368,0.12090799388827111,6.229141388307344,0.0,-0.14134236203553058,2.3736380380973774,5.756523025410896,-0.027223932890054457,-0.0770415355009754,0.0,462.8401865810108,465.7085155724882,462.7909960416314,462.82243241369156
3.5400000000000027,-1.425386717039807,2.7768211549026303,21.75003479519012,0.11928284568935243,6.2258210037331665,0.0,-0.10790727512068922,2.443099290617717,5.774275510193701,-0.026863660989653,-0.06568435688286882,0.0,445.0924564715963,446.01700093669024,446.1074067922583,446.13666243127267
3.6000000000000028,-1.430964267576215,2.925139468174684,22.09436757792139,0.11779957973851651,6.223438399743383,0.0,-0.07779429727859337,2.5007215219568626,5.703828441894017,-0.03217070848666173,-0.053156804430065624,0.0,416.11297016834146,417.2054582621268,417.897496538649,417.4342476251395
3.660000000000003,-1.4343718445530547,3.0775071240800855,22.43979400702796,0.11590940534332805,6.220249148232149,0.0,-0.03549426450705722,2.5778782856593896,5.8098133450657015,-0.03087115038055437,-0.05314899428013578,0.0,472.4621878388058,472.46112146859275,472.60242210940356,472.7023006415128
3.720000000000003,-1.4354588594419553,3.233957214831295,22.787171493932718,0.11854420384010833,6.217768221620149,0.0,-0.0005329894282739278,2.637338586182315,5.76954045276762,-0.055306857147360326,-0.06364461073417732,0.0,428.3504814691431,427.4544674370491,428.82378008812697,426.7416820648666
3.780000000000003,-1.4343261997805938,3.394142856097365,23.13329538407219,0.11974955866032033,6.2147837922675375,0.0,0.03855689596056899,2.7022149257055674,5.767851815707032,-0.03317704543465756,-0.05476774039735257,0.0,439.84131393570544,440.5733617711746,439.2276477222057,441.058065817347
3.840000000000003,-1.4308831356022562,3.55808258788647,23.47814401684957,0.11774899891589108,6.2136996646118625,0.0,0.07630370941276486,2.7622405044208937,5.727304356155464,-0.03387926163077605,-0.07226758436723835,0.0,428.40664163408024,426.9129352565462,427.5798348078857,427.5195041643135
3.900000000000003,-1.4250435555812286,3.7257746807079397,23.82208761475363,0.12006232367256331,6.211428239798845,0.0,0.11855865149049556,2.8276651437054445,5.73731592869835,-0.05794802569666251,-0.05768202859013351,0.0,442.85899723825565,444.05391444395974,444.8945595641506,442.91808541965815
3.960000000000003,-1.4166001919332378,3.897446652425267,24.166985838795053,0.11664220595674024,6.208577275128368,0.0,0.16313085591308002,2.894338517715582,5.759185846260094,-0.062021087014039696,-0.06752158233482827,0.0,447.97943087780595,447.1758344655345,447.99602827887145,447.66221573715944
4.020000000000002,-1.405644827913183,4.072726903335663,24.51051040443575,0.11298478211487684,6.210298406071775,0.0,0.201964855047546,2.948023776057975,5.6920192491377675,-0.06623839751728318,-0.04237554890624608,0.0,417.0870707949529,419.2752479690661,419.60969113890104,419.2401471161084
4.080000000000001,-1.392060195314804,4.2516471396765185,24.854285729028092,0.11140365081873682,6.208423401052983,0.0,0.25102035813596774,3.01573493173635,5.76673886353888,-0.08442770483007345,-0.034545591680546946,0.0,463.06481306026365,463.6797255036749,464.4480900676596,463.0151978898872
4.14,-1.3754306313879894,4.434693058666277,25.20346109589793,0.11184037794315671,6.208140938230262,0.0,0.3032980993140262,3.0856927436641475,5.871824210369087,-0.05990410083720722,-0.02103950214904525,0.0,472.80494339284604,473.84432009182115,472.89700729044665,474.7784009197937
4.199999999999998,-1.3560294922599496,4.621393840853304,25.554019828026828,0.11507527832988984,6.207365624567895,0.0,0.3434915720697391,3.137933506742806,5.813654349205813,-0.08975654895474532,-0.014500899109204525,0.0,423.4271892437433,423.9894841186479,424.3568666074513,421.7818660224727
4.259999999999997,-1.3339437610012062,4.811634015763215,25.9044895851832,0.10975754872625743,6.206727796222117,0.0,0.3927450253690618,3.202774202642333,5.868448804945551,-0.08786503032879554,-0.010287310572430791,0.0,458.929026672607,459.2635432170696,459.0445356860594,459.1882988765793
4.319999999999996,-1.308842866659257,5.005716461788147,26.25887871865328,0.10551424498614548,6.206146031281213,0.0,0.4439751340851656,3.266107961326297,5.944159167625341,-0.1002402715620976,-0.013874121385406796,0.0,466.6094444035893,466.3294230811823,465.9782634522254,465.00293401137776
4.379999999999995,-1.2808553555427782,5.203226739450113,26.615282261472448,0.10054875901444227,6.206342833592876,0.0,0.4889393116348912,3.317051180915464,5.9360759572986135,-0.09015757741149104,-0.0038960194415865908,0.0,440.28488849767507,441.10995244031955,439.9682667614278,440.794338030301
4.439999999999993,-1.2503223955756886,5.403495730531458,26.96928036904399,0.09512729329618264,6.206328675494465,0.0,0.5288628442684139,3.358120562791208,5.8643294116581375,-0.09136492774862096,0.00017587000028646146,0.0,418.9671023112801,419.32111757702927,419.576453060244,419.4641905208836
4.499999999999992,-1.2172669180842204,5.606309274294425,27.32077774332745,0.09373380095533346,6.209611239726534,0.0,0.5726889259203125,3.4021394818367887,5.852338093665817,-0.07038326484767375,-0.02087558650218528,0.0,439.30917551123184,437.5598243495505,436.81006504124383,438.55070995963797
4.559999999999991,-1.1812857559173278,5.812163490104859,27.67619774191628,0.0925569529999164,6.209701961172325,0.0,0.6265971705291469,3.4593874873345474,5.9942223995119495,-0.05242695758194242,-0.03482837525815825,0.0,485.33685318717806,484.28823302493475,484.5797698365147,485.9252787729851
4.6199999999999894,-1.142507581299451,6.020884638696399,28.034161585657177,0.09747194163969475,6.2078658815256595,0.0,0.6661600740753993,3.498401768946641,5.938051628122986,-0.08475149727252115,-0.041674379117565906,0.0,425.6043148843647,425.01711702777936,426.57240594289044,423.79921625089634
4.679999999999988,-1.1010985580151653,6.232298063557983,28.39188076611611,0.09450619112927505,6.208657820012558,0.0,0.7140222802073836,3.548319345700613,5.985704630146613,-0.06995943303426715,-0.06278767886505575,0.0,458.51144831153954,456.8292258886004,457.8001525423257,458.97097211560697
4.739999999999987,-1.0567302881548049,6.446767170244574,28.75360398006058,0.09794357510310281,6.205002522058935,0.0,0.765242908044783,3.600879197433332,6.071110949945063,-0.04086729767144631,-0.0601310476270524,0.0,469.8037428848692,470.00720240232647,469.1963002865205,471.4475575374611
4.799999999999986,-1.0097428798920336,6.66378258255886,29.113801720348484,0.09559764140623361,6.201576889136465,0.0,0.801293943325112,3.632812633200889,5.936223424173206,-0.04583224172788118,-0.05650351634153504,0.0,399.6291229760261,399.95688293679825,399.8407447479626,399.38682962867324
4.859999999999984,-0.9602355296063716,6.883073611373845,29.46965950819783,0.10761926472380079,6.198188973474789,0.0,0.8492236878855834,3.677895543405883,5.925412282372887,-0.004913193377369007,-0.05639379647268863,0.0,440.0152136808975,440.0220914049607,438.52031925247513,441.90653697916866
4.919999999999983,-0.9073503091107531,7.10583937107637,29.82999963891842,0.11563711550127298,6.195151502750749,0.0,0.9138623204771165,3.748431677181286,6.084713333121948,-0.03771950865621382,-0.051038223116744316,0.0,492.1617264601652,492.556355916782,493.696457368519,491.2695008249104
4.979999999999982,-0.8508504362937725,7.332559578007586,30.19633648766721,0.11360721298751386,6.195748491393729,0.0,0.9693581723743457,3.80861311042214,6.126284526557523,-0.044344902362379486,-0.0732279546326604,0.0,459.5395665994715,457.77454773660816,460.59801521329035,460.0728675787144
5.0399999999999805,-0.7912187079113879,7.562584547268593,30.562972483584563,0.11162192399943915,6.1941351766891195,0.0,1.0185208603025424,3.858648356101025,6.095079369811566,-0.03646277076932624,-0.05612304934124294,0.0,435.94973814446223,437.37347572823967,436.9238025590095,437.579648502655
